{"mat": [[1.0, 0.5222329678670935, 0.3481553119113957, 0.30151134457776363, 0.7977240352174656, 0.6030226891555273, 0.30151134457776363, 0.30151134457776363, 0.30151134457776363, 0.3481553119113957, 0.7385489458759965, 0.9574271077563381, 0.9090909090909091, 0.8581163303210331, 0.7977240352174656, 0.9090909090909091], [0.5222329678670935, 1.0, 0.6666666666666667, 0.5773502691896258, 0.4364357804719847, 0.8660254037844387, 0.5773502691896258, 0.5773502691896258, 0.5773502691896258, 0.33333333333333337, 0.4714045207910318, 0.5000000000000001, 0.5222329678670935, 0.5477225575051661, 0.6546536707079772, 0.5222329678670935], [0.3481553119113957, 0.6666666666666667, 1.0, 0.5773502691896258, 0.4364357804719847, 0.5773502691896258, 0.5773502691896258, 0.5773502691896258, 0.5773502691896258, 0.6666666666666667, 0.2357022603955159, 0.5000000000000001, 0.5222329678670935, 0.5477225575051661, 0.4364357804719847, 0.5222329678670935], [0.30151134457776363, 0.5773502691896258, 0.5773502691896258, 1.0, 0.3779644730092272, 0.5, 1.0, 1.0, 1.0, 0.5773502691896258, 0.40824829046386313, 0.28867513459481287, 0.30151134457776363, 0.316227766016838, 0.3779644730092272, 0.30151134457776363], [0.7977240352174656, 0.4364357804719847, 0.4364357804719847, 0.3779644730092272, 1.0, 0.5669467095138409, 0.3779644730092272, 0.3779644730092272, 0.3779644730092272, 0.4364357804719847, 0.6172133998483676, 0.7637626158259734, 0.6837634587578276, 0.7171371656006361, 0.7142857142857142, 0.6837634587578276], [0.6030226891555273, 0.8660254037844387, 0.5773502691896258, 0.5, 0.5669467095138409, 1.0, 0.5, 0.5, 0.5, 0.5773502691896258, 0.6123724356957946, 0.5773502691896258, 0.6030226891555273, 0.6324555320336759, 0.5669467095138409, 0.4522670168666454], [0.30151134457776363, 0.5773502691896258, 0.5773502691896258, 1.0, 0.3779644730092272, 0.5, 1.0, 1.0, 1.0, 0.5773502691896258, 0.40824829046386313, 0.28867513459481287, 0.30151134457776363, 0.316227766016838, 0.3779644730092272, 0.30151134457776363], [0.30151134457776363, 0.5773502691896258, 0.5773502691896258, 1.0, 0.3779644730092272, 0.5, 1.0, 1.0, 1.0, 0.5773502691896258, 0.40824829046386313, 0.28867513459481287, 0.30151134457776363, 0.316227766016838, 0.3779644730092272, 0.30151134457776363], [0.30151134457776363, 0.5773502691896258, 0.5773502691896258, 1.0, 0.3779644730092272, 0.5, 1.0, 1.0, 1.0, 0.5773502691896258, 0.40824829046386313, 0.28867513459481287, 0.30151134457776363, 0.316227766016838, 0.3779644730092272, 0.30151134457776363], [0.3481553119113957, 0.33333333333333337, 0.6666666666666667, 0.5773502691896258, 0.4364357804719847, 0.5773502691896258, 0.5773502691896258, 0.5773502691896258, 0.5773502691896258, 1.0, 0.4714045207910318, 0.5000000000000001, 0.5222329678670935, 0.5477225575051661, 0.21821789023599236, 0.3481553119113957], [0.7385489458759965, 0.4714045207910318, 0.2357022603955159, 0.40824829046386313, 0.6172133998483676, 0.6123724356957946, 0.40824829046386313, 0.40824829046386313, 0.40824829046386313, 0.4714045207910318, 1.0, 0.7071067811865476, 0.7385489458759965, 0.7745966692414834, 0.7715167498104595, 0.6154574548966638], [0.9574271077563381, 0.5000000000000001, 0.5000000000000001, 0.28867513459481287, 0.7637626158259734, 0.5773502691896258, 0.28867513459481287, 0.28867513459481287, 0.28867513459481287, 0.5000000000000001, 0.7071067811865476, 1.0, 0.9574271077563381, 0.9128709291752769, 0.7637626158259734, 0.9574271077563381], [0.9090909090909091, 0.5222329678670935, 0.5222329678670935, 0.30151134457776363, 0.6837634587578276, 0.6030226891555273, 0.30151134457776363, 0.30151134457776363, 0.30151134457776363, 0.5222329678670935, 0.7385489458759965, 0.9574271077563381, 1.0, 0.9534625892455924, 0.6837634587578276, 0.9090909090909091], [0.8581163303210331, 0.5477225575051661, 0.5477225575051661, 0.316227766016838, 0.7171371656006361, 0.6324555320336759, 0.316227766016838, 0.316227766016838, 0.316227766016838, 0.5477225575051661, 0.7745966692414834, 0.9128709291752769, 0.9534625892455924, 1.0, 0.7171371656006361, 0.8581163303210331], [0.7977240352174656, 0.6546536707079772, 0.4364357804719847, 0.3779644730092272, 0.7142857142857142, 0.5669467095138409, 0.3779644730092272, 0.3779644730092272, 0.3779644730092272, 0.21821789023599236, 0.7715167498104595, 0.7637626158259734, 0.6837634587578276, 0.7171371656006361, 1.0, 0.7977240352174656], [0.9090909090909091, 0.5222329678670935, 0.5222329678670935, 0.30151134457776363, 0.6837634587578276, 0.4522670168666454, 0.30151134457776363, 0.30151134457776363, 0.30151134457776363, 0.3481553119113957, 0.6154574548966638, 0.9574271077563381, 0.9090909090909091, 0.8581163303210331, 0.7977240352174656, 1.0]], "links": [], "views": [{"N_row_sum": "all", "dist": "cos", "nodes": {"row_nodes": [{"group": [4.0, 1.0, 1.0, 1.0, 1.0, 1.0, 1.0, 1.0, 1.0, 1.0, 1.0], "name": "Zoom and Pan", "clust": 4, "cat_0_index": 2, "rank": 12, "cat-0": "Feature Type: Interactivity", "rankvar": 11, "ini": 16}, {"group": [13.0, 3.0, 3.0, 3.0, 2.0, 2.0, 2.0, 1.0, 1.0, 1.0, 1.0], "name": "Reordering", "clust": 12, "cat_0_index": 3, "rank": 6, "cat-0": "Feature Type: Interactivity", "rankvar": 1, "ini": 15}, {"group": [15.0, 4.0, 4.0, 3.0, 2.0, 2.0, 2.0, 1.0, 1.0, 1.0, 1.0], "name": "Filtering/Dimensionality Reduction", "clust": 14, "cat_0_index": 4, "rank": 1, "cat-0": "Feature Type: Interactivity", "rankvar": 2, "ini": 14}, {"group": [9.0, 2.0, 2.0, 2.0, 2.0, 2.0, 2.0, 1.0, 1.0, 1.0, 1.0], "name": "Animated Transitions", "clust": 10, "cat_0_index": 5, "rank": 2, "cat-0": "Feature Type: Interactivity", "rankvar": 12, "ini": 13}, {"group": [6.0, 1.0, 1.0, 1.0, 1.0, 1.0, 1.0, 1.0, 1.0, 1.0, 1.0], "name": "Interactive Dendrogram", "clust": 0, "cat_0_index": 6, "rank": 7, "cat-0": "Feature Type: Interactivity", "rankvar": 4, "ini": 12}, {"group": [14.0, 3.0, 3.0, 3.0, 2.0, 2.0, 2.0, 1.0, 1.0, 1.0, 1.0], "name": "Categories", "clust": 13, "cat_0_index": 7, "rank": 10, "cat-0": "Feature Type: Interactivity", "rankvar": 0, "ini": 11}, {"group": [10.0, 2.0, 2.0, 2.0, 2.0, 2.0, 2.0, 1.0, 1.0, 1.0, 1.0], "name": "Enrichment Analysis", "clust": 11, "cat_0_index": 0, "rank": 3, "cat-0": "Feature Type: Biology-Specific", "rankvar": 13, "ini": 10}, {"group": [11.0, 2.0, 2.0, 2.0, 2.0, 2.0, 2.0, 1.0, 1.0, 1.0, 1.0], "name": "Gene Description Lookup", "clust": 9, "cat_0_index": 1, "rank": 4, "cat-0": "Feature Type: Biology-Specific", "rankvar": 14, "ini": 9}, {"group": [12.0, 2.0, 2.0, 2.0, 2.0, 2.0, 2.0, 1.0, 1.0, 1.0, 1.0], "name": "Jupyter Notebook Shareable Widget", "clust": 8, "cat_0_index": 8, "rank": 5, "cat-0": "Feature Type: Sharing", "rankvar": 15, "ini": 8}, {"group": [16.0, 5.0, 4.0, 3.0, 2.0, 2.0, 2.0, 1.0, 1.0, 1.0, 1.0], "name": "Share via web app", "clust": 15, "cat_0_index": 9, "rank": 0, "cat-0": "Feature Type: Sharing", "rankvar": 3, "ini": 7}, {"group": [7.0, 1.0, 1.0, 1.0, 1.0, 1.0, 1.0, 1.0, 1.0, 1.0, 1.0], "name": "Embeddable into Webpage", "clust": 6, "cat_0_index": 10, "rank": 8, "cat-0": "Feature Type: Sharing", "rankvar": 5, "ini": 6}, {"group": [3.0, 1.0, 1.0, 1.0, 1.0, 1.0, 1.0, 1.0, 1.0, 1.0, 1.0], "name": "Export Static Image", "clust": 1, "cat_0_index": 11, "rank": 14, "cat-0": "Feature Type: Sharing", "rankvar": 10, "ini": 5}, {"group": [1.0, 1.0, 1.0, 1.0, 1.0, 1.0, 1.0, 1.0, 1.0, 1.0, 1.0], "name": "Documentation", "clust": 2, "cat_0_index": 12, "rank": 13, "cat-0": "Feature Type: Usability", "rankvar": 8, "ini": 4}, {"group": [2.0, 1.0, 1.0, 1.0, 1.0, 1.0, 1.0, 1.0, 1.0, 1.0, 1.0], "name": "Open Source", "clust": 3, "cat_0_index": 13, "rank": 15, "cat-0": "Feature Type: Usability", "rankvar": 7, "ini": 3}, {"group": [8.0, 1.0, 1.0, 1.0, 1.0, 1.0, 1.0, 1.0, 1.0, 1.0, 1.0], "name": "Generally Applicable", "clust": 7, "cat_0_index": 14, "rank": 9, "cat-0": "Feature Type: Usability", "rankvar": 6, "ini": 2}, {"group": [5.0, 1.0, 1.0, 1.0, 1.0, 1.0, 1.0, 1.0, 1.0, 1.0, 1.0], "name": "Adjustable Clustering Parameters", "clust": 5, "cat_0_index": 15, "rank": 11, "cat-0": "Feature Type: Usability", "rankvar": 9, "ini": 1}], "col_nodes": [{"group": [4.0, 1.0, 1.0, 1.0, 1.0, 1.0, 1.0, 1.0, 1.0, 1.0, 1.0], "name": "Zoom and Pan", "clust": 4, "cat_0_index": 2, "rank": 12, "cat-0": "Feature Type: Interactivity", "rankvar": 11, "ini": 16}, {"group": [13.0, 3.0, 3.0, 3.0, 2.0, 2.0, 2.0, 1.0, 1.0, 1.0, 1.0], "name": "Reordering", "clust": 12, "cat_0_index": 3, "rank": 6, "cat-0": "Feature Type: Interactivity", "rankvar": 1, "ini": 15}, {"group": [15.0, 4.0, 4.0, 3.0, 2.0, 2.0, 2.0, 1.0, 1.0, 1.0, 1.0], "name": "Filtering/Dimensionality Reduction", "clust": 14, "cat_0_index": 4, "rank": 1, "cat-0": "Feature Type: Interactivity", "rankvar": 2, "ini": 14}, {"group": [9.0, 2.0, 2.0, 2.0, 2.0, 2.0, 2.0, 1.0, 1.0, 1.0, 1.0], "name": "Animated Transitions", "clust": 10, "cat_0_index": 5, "rank": 2, "cat-0": "Feature Type: Interactivity", "rankvar": 12, "ini": 13}, {"group": [6.0, 1.0, 1.0, 1.0, 1.0, 1.0, 1.0, 1.0, 1.0, 1.0, 1.0], "name": "Interactive Dendrogram", "clust": 0, "cat_0_index": 6, "rank": 7, "cat-0": "Feature Type: Interactivity", "rankvar": 4, "ini": 12}, {"group": [14.0, 3.0, 3.0, 3.0, 2.0, 2.0, 2.0, 1.0, 1.0, 1.0, 1.0], "name": "Categories", "clust": 13, "cat_0_index": 7, "rank": 10, "cat-0": "Feature Type: Interactivity", "rankvar": 0, "ini": 11}, {"group": [10.0, 2.0, 2.0, 2.0, 2.0, 2.0, 2.0, 1.0, 1.0, 1.0, 1.0], "name": "Enrichment Analysis", "clust": 11, "cat_0_index": 0, "rank": 3, "cat-0": "Feature Type: Biology-Specific", "rankvar": 13, "ini": 10}, {"group": [11.0, 2.0, 2.0, 2.0, 2.0, 2.0, 2.0, 1.0, 1.0, 1.0, 1.0], "name": "Gene Description Lookup", "clust": 9, "cat_0_index": 1, "rank": 4, "cat-0": "Feature Type: Biology-Specific", "rankvar": 14, "ini": 9}, {"group": [12.0, 2.0, 2.0, 2.0, 2.0, 2.0, 2.0, 1.0, 1.0, 1.0, 1.0], "name": "Jupyter Notebook Shareable Widget", "clust": 8, "cat_0_index": 8, "rank": 5, "cat-0": "Feature Type: Sharing", "rankvar": 15, "ini": 8}, {"group": [16.0, 5.0, 4.0, 3.0, 2.0, 2.0, 2.0, 1.0, 1.0, 1.0, 1.0], "name": "Share via web app", "clust": 15, "cat_0_index": 9, "rank": 0, "cat-0": "Feature Type: Sharing", "rankvar": 3, "ini": 7}, {"group": [7.0, 1.0, 1.0, 1.0, 1.0, 1.0, 1.0, 1.0, 1.0, 1.0, 1.0], "name": "Embeddable into Webpage", "clust": 6, "cat_0_index": 10, "rank": 8, "cat-0": "Feature Type: Sharing", "rankvar": 5, "ini": 6}, {"group": [3.0, 1.0, 1.0, 1.0, 1.0, 1.0, 1.0, 1.0, 1.0, 1.0, 1.0], "name": "Export Static Image", "clust": 1, "cat_0_index": 11, "rank": 14, "cat-0": "Feature Type: Sharing", "rankvar": 10, "ini": 5}, {"group": [1.0, 1.0, 1.0, 1.0, 1.0, 1.0, 1.0, 1.0, 1.0, 1.0, 1.0], "name": "Documentation", "clust": 2, "cat_0_index": 12, "rank": 13, "cat-0": "Feature Type: Usability", "rankvar": 8, "ini": 4}, {"group": [2.0, 1.0, 1.0, 1.0, 1.0, 1.0, 1.0, 1.0, 1.0, 1.0, 1.0], "name": "Open Source", "clust": 3, "cat_0_index": 13, "rank": 15, "cat-0": "Feature Type: Usability", "rankvar": 7, "ini": 3}, {"group": [8.0, 1.0, 1.0, 1.0, 1.0, 1.0, 1.0, 1.0, 1.0, 1.0, 1.0], "name": "Generally Applicable", "clust": 7, "cat_0_index": 14, "rank": 9, "cat-0": "Feature Type: Usability", "rankvar": 6, "ini": 2}, {"group": [5.0, 1.0, 1.0, 1.0, 1.0, 1.0, 1.0, 1.0, 1.0, 1.0, 1.0], "name": "Adjustable Clustering Parameters", "clust": 5, "cat_0_index": 15, "rank": 11, "cat-0": "Feature Type: Usability", "rankvar": 9, "ini": 1}]}}, {"N_row_sum": 10, "dist": "cos", "nodes": {"row_nodes": [{"group": [3.0, 3.0, 2.0, 2.0, 2.0, 2.0, 2.0, 2.0, 1.0, 1.0, 1.0], "name": "Open Source", "clust": 4, "cat_0_index": 6, "rank": 9, "cat-0": "Feature Type: Usability", "rankvar": 5, "ini": 10}, {"group": [5.0, 3.0, 2.0, 2.0, 2.0, 2.0, 2.0, 2.0, 1.0, 1.0, 1.0], "name": "Export Static Image", "clust": 3, "cat_0_index": 4, "rank": 8, "cat-0": "Feature Type: Sharing", "rankvar": 8, "ini": 9}, {"group": [4.0, 3.0, 2.0, 2.0, 2.0, 2.0, 2.0, 2.0, 1.0, 1.0, 1.0], "name": "Documentation", "clust": 5, "cat_0_index": 7, "rank": 7, "cat-0": "Feature Type: Usability", "rankvar": 6, "ini": 8}, {"group": [6.0, 3.0, 2.0, 2.0, 2.0, 2.0, 2.0, 2.0, 1.0, 1.0, 1.0], "name": "Zoom and Pan", "clust": 6, "cat_0_index": 0, "rank": 6, "cat-0": "Feature Type: Interactivity", "rankvar": 9, "ini": 7}, {"group": [7.0, 3.0, 2.0, 2.0, 2.0, 2.0, 2.0, 2.0, 1.0, 1.0, 1.0], "name": "Adjustable Clustering Parameters", "clust": 7, "cat_0_index": 8, "rank": 5, "cat-0": "Feature Type: Usability", "rankvar": 7, "ini": 6}, {"group": [1.0, 1.0, 1.0, 1.0, 1.0, 1.0, 1.0, 1.0, 1.0, 1.0, 1.0], "name": "Categories", "clust": 0, "cat_0_index": 1, "rank": 4, "cat-0": "Feature Type: Interactivity", "rankvar": 0, "ini": 5}, {"group": [9.0, 5.0, 3.0, 2.0, 2.0, 2.0, 2.0, 2.0, 1.0, 1.0, 1.0], "name": "Generally Applicable", "clust": 8, "cat_0_index": 9, "rank": 3, "cat-0": "Feature Type: Usability", "rankvar": 4, "ini": 4}, {"group": [10.0, 6.0, 3.0, 2.0, 2.0, 2.0, 2.0, 2.0, 1.0, 1.0, 1.0], "name": "Embeddable into Webpage", "clust": 9, "cat_0_index": 5, "rank": 2, "cat-0": "Feature Type: Sharing", "rankvar": 3, "ini": 3}, {"group": [8.0, 4.0, 2.0, 2.0, 2.0, 2.0, 2.0, 2.0, 1.0, 1.0, 1.0], "name": "Interactive Dendrogram", "clust": 2, "cat_0_index": 2, "rank": 1, "cat-0": "Feature Type: Interactivity", "rankvar": 2, "ini": 2}, {"group": [2.0, 2.0, 1.0, 1.0, 1.0, 1.0, 1.0, 1.0, 1.0, 1.0, 1.0], "name": "Reordering", "clust": 1, "cat_0_index": 3, "rank": 0, "cat-0": "Feature Type: Interactivity", "rankvar": 1, "ini": 1}], "col_nodes": [{"group": [7.0, 5.0, 4.0, 2.0, 2.0, 2.0, 2.0, 2.0, 1.0, 1.0, 1.0], "name": "Zoom and Pan", "clust": 12, "cat_0_index": 2, "rank": 14, "cat-0": "Feature Type: Interactivity", "rankvar": 10, "ini": 16}, {"group": [3.0, 1.0, 1.0, 1.0, 1.0, 1.0, 1.0, 1.0, 1.0, 1.0, 1.0], "name": "Reordering", "clust": 1, "cat_0_index": 3, "rank": 6, "cat-0": "Feature Type: Interactivity", "rankvar": 14, "ini": 15}, {"group": [4.0, 2.0, 2.0, 1.0, 1.0, 1.0, 1.0, 1.0, 1.0, 1.0, 1.0], "name": "Filtering/Dimensionality Reduction", "clust": 0, "cat_0_index": 4, "rank": 5, "cat-0": "Feature Type: Interactivity", "rankvar": 6, "ini": 14}, {"group": [1.0, 1.0, 1.0, 1.0, 1.0, 1.0, 1.0, 1.0, 1.0, 1.0, 1.0], "name": "Animated Transitions", "clust": 5, "cat_0_index": 5, "rank": 0, "cat-0": "Feature Type: Interactivity", "rankvar": 0, "ini": 13}, {"group": [12.0, 6.0, 4.0, 2.0, 2.0, 2.0, 2.0, 2.0, 1.0, 1.0, 1.0], "name": "Interactive Dendrogram", "clust": 10, "cat_0_index": 6, "rank": 8, "cat-0": "Feature Type: Interactivity", "rankvar": 9, "ini": 12}, {"group": [2.0, 1.0, 1.0, 1.0, 1.0, 1.0, 1.0, 1.0, 1.0, 1.0, 1.0], "name": "Categories", "clust": 2, "cat_0_index": 7, "rank": 7, "cat-0": "Feature Type: Interactivity", "rankvar": 11, "ini": 11}, {"group": [1.0, 1.0, 1.0, 1.0, 1.0, 1.0, 1.0, 1.0, 1.0, 1.0, 1.0], "name": "Enrichment Analysis", "clust": 6, "cat_0_index": 0, "rank": 1, "cat-0": "Feature Type: Biology-Specific", "rankvar": 1, "ini": 10}, {"group": [1.0, 1.0, 1.0, 1.0, 1.0, 1.0, 1.0, 1.0, 1.0, 1.0, 1.0], "name": "Gene Description Lookup", "clust": 4, "cat_0_index": 1, "rank": 2, "cat-0": "Feature Type: Biology-Specific", "rankvar": 2, "ini": 9}, {"group": [1.0, 1.0, 1.0, 1.0, 1.0, 1.0, 1.0, 1.0, 1.0, 1.0, 1.0], "name": "Jupyter Notebook Shareable Widget", "clust": 3, "cat_0_index": 8, "rank": 3, "cat-0": "Feature Type: Sharing", "rankvar": 3, "ini": 8}, {"group": [13.0, 7.0, 5.0, 3.0, 3.0, 2.0, 2.0, 2.0, 1.0, 1.0, 1.0], "name": "Share via web app", "clust": 7, "cat_0_index": 9, "rank": 4, "cat-0": "Feature Type: Sharing", "rankvar": 5, "ini": 7}, {"group": [5.0, 3.0, 3.0, 2.0, 2.0, 2.0, 2.0, 2.0, 1.0, 1.0, 1.0], "name": "Embeddable into Webpage", "clust": 8, "cat_0_index": 10, "rank": 9, "cat-0": "Feature Type: Sharing", "rankvar": 7, "ini": 6}, {"group": [8.0, 5.0, 4.0, 2.0, 2.0, 2.0, 2.0, 2.0, 1.0, 1.0, 1.0], "name": "Export Static Image", "clust": 13, "cat_0_index": 11, "rank": 15, "cat-0": "Feature Type: Sharing", "rankvar": 13, "ini": 5}, {"group": [9.0, 5.0, 4.0, 2.0, 2.0, 2.0, 2.0, 2.0, 1.0, 1.0, 1.0], "name": "Documentation", "clust": 14, "cat_0_index": 12, "rank": 12, "cat-0": "Feature Type: Usability", "rankvar": 12, "ini": 4}, {"group": [10.0, 5.0, 4.0, 2.0, 2.0, 2.0, 2.0, 2.0, 1.0, 1.0, 1.0], "name": "Open Source", "clust": 15, "cat_0_index": 13, "rank": 13, "cat-0": "Feature Type: Usability", "rankvar": 8, "ini": 3}, {"group": [6.0, 4.0, 3.0, 2.0, 2.0, 2.0, 2.0, 2.0, 1.0, 1.0, 1.0], "name": "Generally Applicable", "clust": 9, "cat_0_index": 14, "rank": 10, "cat-0": "Feature Type: Usability", "rankvar": 4, "ini": 2}, {"group": [11.0, 5.0, 4.0, 2.0, 2.0, 2.0, 2.0, 2.0, 1.0, 1.0, 1.0], "name": "Adjustable Clustering Parameters", "clust": 11, "cat_0_index": 15, "rank": 11, "cat-0": "Feature Type: Usability", "rankvar": 15, "ini": 1}]}}], "cat_colors": {"col": {"cat-0": {"Feature Type: Sharing": "#98df8a", "Feature Type: Biology-Specific": "#393b79", "Feature Type: Interactivity": "yellow", "Feature Type: Usability": "#404040"}}, "row": {"cat-0": {"Feature Type: Sharing": "#98df8a", "Feature Type: Biology-Specific": "#393b79", "Feature Type: Interactivity": "yellow", "Feature Type: Usability": "#404040"}}}, "row_nodes": [{"group": [4.0, 1.0, 1.0, 1.0, 1.0, 1.0, 1.0, 1.0, 1.0, 1.0, 1.0], "name": "Zoom and Pan", "clust": 4, "cat_0_index": 2, "rank": 12, "cat-0": "Feature Type: Interactivity", "rankvar": 11, "ini": 16}, {"group": [13.0, 3.0, 3.0, 3.0, 2.0, 2.0, 2.0, 1.0, 1.0, 1.0, 1.0], "name": "Reordering", "clust": 12, "cat_0_index": 3, "rank": 6, "cat-0": "Feature Type: Interactivity", "rankvar": 1, "ini": 15}, {"group": [15.0, 4.0, 4.0, 3.0, 2.0, 2.0, 2.0, 1.0, 1.0, 1.0, 1.0], "name": "Filtering/Dimensionality Reduction", "clust": 14, "cat_0_index": 4, "rank": 1, "cat-0": "Feature Type: Interactivity", "rankvar": 2, "ini": 14}, {"group": [9.0, 2.0, 2.0, 2.0, 2.0, 2.0, 2.0, 1.0, 1.0, 1.0, 1.0], "name": "Animated Transitions", "clust": 10, "cat_0_index": 5, "rank": 2, "cat-0": "Feature Type: Interactivity", "rankvar": 12, "ini": 13}, {"group": [6.0, 1.0, 1.0, 1.0, 1.0, 1.0, 1.0, 1.0, 1.0, 1.0, 1.0], "name": "Interactive Dendrogram", "clust": 0, "cat_0_index": 6, "rank": 7, "cat-0": "Feature Type: Interactivity", "rankvar": 4, "ini": 12}, {"group": [14.0, 3.0, 3.0, 3.0, 2.0, 2.0, 2.0, 1.0, 1.0, 1.0, 1.0], "name": "Categories", "clust": 13, "cat_0_index": 7, "rank": 10, "cat-0": "Feature Type: Interactivity", "rankvar": 0, "ini": 11}, {"group": [10.0, 2.0, 2.0, 2.0, 2.0, 2.0, 2.0, 1.0, 1.0, 1.0, 1.0], "name": "Enrichment Analysis", "clust": 11, "cat_0_index": 0, "rank": 3, "cat-0": "Feature Type: Biology-Specific", "rankvar": 13, "ini": 10}, {"group": [11.0, 2.0, 2.0, 2.0, 2.0, 2.0, 2.0, 1.0, 1.0, 1.0, 1.0], "name": "Gene Description Lookup", "clust": 9, "cat_0_index": 1, "rank": 4, "cat-0": "Feature Type: Biology-Specific", "rankvar": 14, "ini": 9}, {"group": [12.0, 2.0, 2.0, 2.0, 2.0, 2.0, 2.0, 1.0, 1.0, 1.0, 1.0], "name": "Jupyter Notebook Shareable Widget", "clust": 8, "cat_0_index": 8, "rank": 5, "cat-0": "Feature Type: Sharing", "rankvar": 15, "ini": 8}, {"group": [16.0, 5.0, 4.0, 3.0, 2.0, 2.0, 2.0, 1.0, 1.0, 1.0, 1.0], "name": "Share via web app", "clust": 15, "cat_0_index": 9, "rank": 0, "cat-0": "Feature Type: Sharing", "rankvar": 3, "ini": 7}, {"group": [7.0, 1.0, 1.0, 1.0, 1.0, 1.0, 1.0, 1.0, 1.0, 1.0, 1.0], "name": "Embeddable into Webpage", "clust": 6, "cat_0_index": 10, "rank": 8, "cat-0": "Feature Type: Sharing", "rankvar": 5, "ini": 6}, {"group": [3.0, 1.0, 1.0, 1.0, 1.0, 1.0, 1.0, 1.0, 1.0, 1.0, 1.0], "name": "Export Static Image", "clust": 1, "cat_0_index": 11, "rank": 14, "cat-0": "Feature Type: Sharing", "rankvar": 10, "ini": 5}, {"group": [1.0, 1.0, 1.0, 1.0, 1.0, 1.0, 1.0, 1.0, 1.0, 1.0, 1.0], "name": "Documentation", "clust": 2, "cat_0_index": 12, "rank": 13, "cat-0": "Feature Type: Usability", "rankvar": 8, "ini": 4}, {"group": [2.0, 1.0, 1.0, 1.0, 1.0, 1.0, 1.0, 1.0, 1.0, 1.0, 1.0], "name": "Open Source", "clust": 3, "cat_0_index": 13, "rank": 15, "cat-0": "Feature Type: Usability", "rankvar": 7, "ini": 3}, {"group": [8.0, 1.0, 1.0, 1.0, 1.0, 1.0, 1.0, 1.0, 1.0, 1.0, 1.0], "name": "Generally Applicable", "clust": 7, "cat_0_index": 14, "rank": 9, "cat-0": "Feature Type: Usability", "rankvar": 6, "ini": 2}, {"group": [5.0, 1.0, 1.0, 1.0, 1.0, 1.0, 1.0, 1.0, 1.0, 1.0, 1.0], "name": "Adjustable Clustering Parameters", "clust": 5, "cat_0_index": 15, "rank": 11, "cat-0": "Feature Type: Usability", "rankvar": 9, "ini": 1}], "col_nodes": [{"group": [4.0, 1.0, 1.0, 1.0, 1.0, 1.0, 1.0, 1.0, 1.0, 1.0, 1.0], "name": "Zoom and Pan", "clust": 4, "cat_0_index": 2, "rank": 12, "cat-0": "Feature Type: Interactivity", "rankvar": 11, "ini": 16}, {"group": [13.0, 3.0, 3.0, 3.0, 2.0, 2.0, 2.0, 1.0, 1.0, 1.0, 1.0], "name": "Reordering", "clust": 12, "cat_0_index": 3, "rank": 6, "cat-0": "Feature Type: Interactivity", "rankvar": 1, "ini": 15}, {"group": [15.0, 4.0, 4.0, 3.0, 2.0, 2.0, 2.0, 1.0, 1.0, 1.0, 1.0], "name": "Filtering/Dimensionality Reduction", "clust": 14, "cat_0_index": 4, "rank": 1, "cat-0": "Feature Type: Interactivity", "rankvar": 2, "ini": 14}, {"group": [9.0, 2.0, 2.0, 2.0, 2.0, 2.0, 2.0, 1.0, 1.0, 1.0, 1.0], "name": "Animated Transitions", "clust": 10, "cat_0_index": 5, "rank": 2, "cat-0": "Feature Type: Interactivity", "rankvar": 12, "ini": 13}, {"group": [6.0, 1.0, 1.0, 1.0, 1.0, 1.0, 1.0, 1.0, 1.0, 1.0, 1.0], "name": "Interactive Dendrogram", "clust": 0, "cat_0_index": 6, "rank": 7, "cat-0": "Feature Type: Interactivity", "rankvar": 4, "ini": 12}, {"group": [14.0, 3.0, 3.0, 3.0, 2.0, 2.0, 2.0, 1.0, 1.0, 1.0, 1.0], "name": "Categories", "clust": 13, "cat_0_index": 7, "rank": 10, "cat-0": "Feature Type: Interactivity", "rankvar": 0, "ini": 11}, {"group": [10.0, 2.0, 2.0, 2.0, 2.0, 2.0, 2.0, 1.0, 1.0, 1.0, 1.0], "name": "Enrichment Analysis", "clust": 11, "cat_0_index": 0, "rank": 3, "cat-0": "Feature Type: Biology-Specific", "rankvar": 13, "ini": 10}, {"group": [11.0, 2.0, 2.0, 2.0, 2.0, 2.0, 2.0, 1.0, 1.0, 1.0, 1.0], "name": "Gene Description Lookup", "clust": 9, "cat_0_index": 1, "rank": 4, "cat-0": "Feature Type: Biology-Specific", "rankvar": 14, "ini": 9}, {"group": [12.0, 2.0, 2.0, 2.0, 2.0, 2.0, 2.0, 1.0, 1.0, 1.0, 1.0], "name": "Jupyter Notebook Shareable Widget", "clust": 8, "cat_0_index": 8, "rank": 5, "cat-0": "Feature Type: Sharing", "rankvar": 15, "ini": 8}, {"group": [16.0, 5.0, 4.0, 3.0, 2.0, 2.0, 2.0, 1.0, 1.0, 1.0, 1.0], "name": "Share via web app", "clust": 15, "cat_0_index": 9, "rank": 0, "cat-0": "Feature Type: Sharing", "rankvar": 3, "ini": 7}, {"group": [7.0, 1.0, 1.0, 1.0, 1.0, 1.0, 1.0, 1.0, 1.0, 1.0, 1.0], "name": "Embeddable into Webpage", "clust": 6, "cat_0_index": 10, "rank": 8, "cat-0": "Feature Type: Sharing", "rankvar": 5, "ini": 6}, {"group": [3.0, 1.0, 1.0, 1.0, 1.0, 1.0, 1.0, 1.0, 1.0, 1.0, 1.0], "name": "Export Static Image", "clust": 1, "cat_0_index": 11, "rank": 14, "cat-0": "Feature Type: Sharing", "rankvar": 10, "ini": 5}, {"group": [1.0, 1.0, 1.0, 1.0, 1.0, 1.0, 1.0, 1.0, 1.0, 1.0, 1.0], "name": "Documentation", "clust": 2, "cat_0_index": 12, "rank": 13, "cat-0": "Feature Type: Usability", "rankvar": 8, "ini": 4}, {"group": [2.0, 1.0, 1.0, 1.0, 1.0, 1.0, 1.0, 1.0, 1.0, 1.0, 1.0], "name": "Open Source", "clust": 3, "cat_0_index": 13, "rank": 15, "cat-0": "Feature Type: Usability", "rankvar": 7, "ini": 3}, {"group": [8.0, 1.0, 1.0, 1.0, 1.0, 1.0, 1.0, 1.0, 1.0, 1.0, 1.0], "name": "Generally Applicable", "clust": 7, "cat_0_index": 14, "rank": 9, "cat-0": "Feature Type: Usability", "rankvar": 6, "ini": 2}, {"group": [5.0, 1.0, 1.0, 1.0, 1.0, 1.0, 1.0, 1.0, 1.0, 1.0, 1.0], "name": "Adjustable Clustering Parameters", "clust": 5, "cat_0_index": 15, "rank": 11, "cat-0": "Feature Type: Usability", "rankvar": 9, "ini": 1}]}