{"mat": [[1.0, 0.7071067811865475, 0.8660254037844387, 0.7071067811865475, 0.7905694150420948, 0.5773502691896258, 0.7905694150420948, 0.7826237921249264, 0.9999999999999998, 0.9354143466934852, 0.8249579113843053, 0.7499999999999999], [0.7071067811865475, 1.0, 0.6123724356957946, 0.5, 0.5590169943749475, 0.6123724356957946, 0.5590169943749475, 0.7905694150420948, 0.7071067811865475, 0.6614378277661476, 0.75, 0.7071067811865475], [0.8660254037844387, 0.6123724356957946, 1.0, 0.8164965809277261, 0.7302967433402214, 0.6666666666666667, 0.9128709291752769, 0.7745966692414834, 0.8660254037844387, 0.7715167498104595, 0.6804138174397718, 0.7216878364870323], [0.7071067811865475, 0.5, 0.8164965809277261, 1.0, 0.6708203932499369, 0.6123724356957946, 0.8944271909999159, 0.6324555320336759, 0.7071067811865475, 0.7559289460184544, 0.6666666666666666, 0.5303300858899106], [0.7905694150420948, 0.5590169943749475, 0.7302967433402214, 0.6708203932499369, 1.0, 0.3651483716701107, 0.5999999999999999, 0.7071067811865475, 0.7905694150420948, 0.6761234037828131, 0.5962847939999439, 0.4743416490252569], [0.5773502691896258, 0.6123724356957946, 0.6666666666666667, 0.6123724356957946, 0.3651483716701107, 1.0, 0.7302967433402214, 0.6454972243679029, 0.5773502691896258, 0.6172133998483676, 0.5443310539518174, 0.5773502691896258], [0.7905694150420948, 0.5590169943749475, 0.9128709291752769, 0.8944271909999159, 0.5999999999999999, 0.7302967433402214, 1.0, 0.7071067811865475, 0.7905694150420948, 0.8451542547285165, 0.7453559924999299, 0.6324555320336759], [0.7826237921249264, 0.7905694150420948, 0.7745966692414834, 0.6324555320336759, 0.7071067811865475, 0.6454972243679029, 0.7071067811865475, 1.0, 0.7826237921249264, 0.7171371656006361, 0.8432740427115678, 0.6708203932499369], [0.9999999999999998, 0.7071067811865475, 0.8660254037844387, 0.7071067811865475, 0.7905694150420948, 0.5773502691896258, 0.7905694150420948, 0.7826237921249264, 1.0, 0.9354143466934852, 0.8249579113843053, 0.7499999999999999], [0.9354143466934852, 0.6614378277661476, 0.7715167498104595, 0.7559289460184544, 0.6761234037828131, 0.6172133998483676, 0.8451542547285165, 0.7171371656006361, 0.9354143466934852, 1.0, 0.8819171036881969, 0.6681531047810609], [0.8249579113843053, 0.75, 0.6804138174397718, 0.6666666666666666, 0.5962847939999439, 0.5443310539518174, 0.7453559924999299, 0.8432740427115678, 0.8249579113843053, 0.8819171036881969, 1.0, 0.7071067811865475], [0.7499999999999999, 0.7071067811865475, 0.7216878364870323, 0.5303300858899106, 0.4743416490252569, 0.5773502691896258, 0.6324555320336759, 0.6708203932499369, 0.7499999999999999, 0.6681531047810609, 0.7071067811865475, 1.0]], "links": [], "views": [{"N_row_sum": "all", "dist": "cos", "nodes": {"row_nodes": [{"group": [6.0, 4.0, 4.0, 2.0, 1.0, 1.0, 1.0, 1.0, 1.0, 1.0, 1.0], "name": "Shinyheatmap", "clust": 8, "rank": 10, "ini": 12, "rankvar": 2}, {"group": [1.0, 1.0, 1.0, 1.0, 1.0, 1.0, 1.0, 1.0, 1.0, 1.0, 1.0], "name": "Clustergrammer", "clust": 1, "rank": 2, "ini": 11, "rankvar": 6}, {"group": [5.0, 3.0, 3.0, 2.0, 1.0, 1.0, 1.0, 1.0, 1.0, 1.0, 1.0], "name": "Java Treeview", "clust": 4, "rank": 8, "ini": 10, "rankvar": 1}, {"group": [3.0, 3.0, 3.0, 2.0, 1.0, 1.0, 1.0, 1.0, 1.0, 1.0, 1.0], "name": "QCanvas", "clust": 5, "rank": 4, "ini": 9, "rankvar": 9}, {"group": [10.0, 6.0, 5.0, 3.0, 1.0, 1.0, 1.0, 1.0, 1.0, 1.0, 1.0], "name": "FGCZ Heatmap", "clust": 3, "rank": 1, "ini": 8, "rankvar": 11}, {"group": [11.0, 7.0, 6.0, 4.0, 2.0, 2.0, 1.0, 1.0, 1.0, 1.0, 1.0], "name": "Degust", "clust": 0, "rank": 0, "ini": 7, "rankvar": 10}, {"group": [4.0, 3.0, 3.0, 2.0, 1.0, 1.0, 1.0, 1.0, 1.0, 1.0, 1.0], "name": "Heat*Seq", "clust": 6, "rank": 7, "ini": 6, "rankvar": 8}, {"group": [8.0, 5.0, 4.0, 2.0, 1.0, 1.0, 1.0, 1.0, 1.0, 1.0, 1.0], "name": "Morpheus", "clust": 10, "rank": 5, "ini": 5, "rankvar": 0}, {"group": [6.0, 4.0, 4.0, 2.0, 1.0, 1.0, 1.0, 1.0, 1.0, 1.0, 1.0], "name": "InCHlib", "clust": 9, "rank": 11, "ini": 4, "rankvar": 3}, {"group": [7.0, 4.0, 4.0, 2.0, 1.0, 1.0, 1.0, 1.0, 1.0, 1.0, 1.0], "name": "Heatmaply (R using plotly)", "clust": 7, "rank": 9, "ini": 3, "rankvar": 4}, {"group": [9.0, 5.0, 4.0, 2.0, 1.0, 1.0, 1.0, 1.0, 1.0, 1.0, 1.0], "name": "JHeatMap", "clust": 11, "rank": 6, "ini": 2, "rankvar": 5}, {"group": [2.0, 2.0, 2.0, 1.0, 1.0, 1.0, 1.0, 1.0, 1.0, 1.0, 1.0], "name": "MD Anderson NG-CHM", "clust": 2, "rank": 3, "ini": 1, "rankvar": 7}], "col_nodes": [{"group": [6.0, 4.0, 4.0, 2.0, 1.0, 1.0, 1.0, 1.0, 1.0, 1.0, 1.0], "name": "Shinyheatmap", "clust": 8, "rank": 10, "ini": 12, "rankvar": 2}, {"group": [1.0, 1.0, 1.0, 1.0, 1.0, 1.0, 1.0, 1.0, 1.0, 1.0, 1.0], "name": "Clustergrammer", "clust": 1, "rank": 2, "ini": 11, "rankvar": 6}, {"group": [5.0, 3.0, 3.0, 2.0, 1.0, 1.0, 1.0, 1.0, 1.0, 1.0, 1.0], "name": "Java Treeview", "clust": 4, "rank": 8, "ini": 10, "rankvar": 1}, {"group": [3.0, 3.0, 3.0, 2.0, 1.0, 1.0, 1.0, 1.0, 1.0, 1.0, 1.0], "name": "QCanvas", "clust": 5, "rank": 4, "ini": 9, "rankvar": 9}, {"group": [10.0, 6.0, 5.0, 3.0, 1.0, 1.0, 1.0, 1.0, 1.0, 1.0, 1.0], "name": "FGCZ Heatmap", "clust": 3, "rank": 1, "ini": 8, "rankvar": 11}, {"group": [11.0, 7.0, 6.0, 4.0, 2.0, 2.0, 1.0, 1.0, 1.0, 1.0, 1.0], "name": "Degust", "clust": 0, "rank": 0, "ini": 7, "rankvar": 10}, {"group": [4.0, 3.0, 3.0, 2.0, 1.0, 1.0, 1.0, 1.0, 1.0, 1.0, 1.0], "name": "Heat*Seq", "clust": 6, "rank": 7, "ini": 6, "rankvar": 8}, {"group": [8.0, 5.0, 4.0, 2.0, 1.0, 1.0, 1.0, 1.0, 1.0, 1.0, 1.0], "name": "Morpheus", "clust": 10, "rank": 5, "ini": 5, "rankvar": 0}, {"group": [6.0, 4.0, 4.0, 2.0, 1.0, 1.0, 1.0, 1.0, 1.0, 1.0, 1.0], "name": "InCHlib", "clust": 9, "rank": 11, "ini": 4, "rankvar": 3}, {"group": [7.0, 4.0, 4.0, 2.0, 1.0, 1.0, 1.0, 1.0, 1.0, 1.0, 1.0], "name": "Heatmaply (R using plotly)", "clust": 7, "rank": 9, "ini": 3, "rankvar": 4}, {"group": [9.0, 5.0, 4.0, 2.0, 1.0, 1.0, 1.0, 1.0, 1.0, 1.0, 1.0], "name": "JHeatMap", "clust": 11, "rank": 6, "ini": 2, "rankvar": 5}, {"group": [2.0, 2.0, 2.0, 1.0, 1.0, 1.0, 1.0, 1.0, 1.0, 1.0, 1.0], "name": "MD Anderson NG-CHM", "clust": 2, "rank": 3, "ini": 1, "rankvar": 7}]}}, {"N_row_sum": 10, "dist": "cos", "nodes": {"row_nodes": [{"group": [6.0, 5.0, 4.0, 4.0, 2.0, 1.0, 1.0, 1.0, 1.0, 1.0, 1.0], "name": "InCHlib", "clust": 6, "rank": 8, "ini": 10, "rankvar": 2}, {"group": [6.0, 5.0, 4.0, 4.0, 2.0, 1.0, 1.0, 1.0, 1.0, 1.0, 1.0], "name": "Shinyheatmap", "clust": 7, "rank": 9, "ini": 9, "rankvar": 3}, {"group": [7.0, 5.0, 4.0, 4.0, 2.0, 1.0, 1.0, 1.0, 1.0, 1.0, 1.0], "name": "Heatmaply (R using plotly)", "clust": 5, "rank": 7, "ini": 8, "rankvar": 4}, {"group": [5.0, 4.0, 3.0, 3.0, 2.0, 1.0, 1.0, 1.0, 1.0, 1.0, 1.0], "name": "Java Treeview", "clust": 2, "rank": 6, "ini": 7, "rankvar": 1}, {"group": [3.0, 3.0, 3.0, 3.0, 2.0, 1.0, 1.0, 1.0, 1.0, 1.0, 1.0], "name": "Heat*Seq", "clust": 3, "rank": 5, "ini": 6, "rankvar": 8}, {"group": [8.0, 6.0, 4.0, 4.0, 2.0, 1.0, 1.0, 1.0, 1.0, 1.0, 1.0], "name": "JHeatMap", "clust": 8, "rank": 4, "ini": 5, "rankvar": 5}, {"group": [9.0, 7.0, 4.0, 4.0, 2.0, 1.0, 1.0, 1.0, 1.0, 1.0, 1.0], "name": "Morpheus", "clust": 9, "rank": 3, "ini": 4, "rankvar": 0}, {"group": [4.0, 3.0, 3.0, 3.0, 2.0, 1.0, 1.0, 1.0, 1.0, 1.0, 1.0], "name": "QCanvas", "clust": 4, "rank": 2, "ini": 3, "rankvar": 9}, {"group": [1.0, 1.0, 1.0, 1.0, 1.0, 1.0, 1.0, 1.0, 1.0, 1.0, 1.0], "name": "MD Anderson NG-CHM", "clust": 0, "rank": 1, "ini": 2, "rankvar": 7}, {"group": [2.0, 2.0, 2.0, 2.0, 1.0, 1.0, 1.0, 1.0, 1.0, 1.0, 1.0], "name": "Clustergrammer", "clust": 1, "rank": 0, "ini": 1, "rankvar": 6}], "col_nodes": [{"group": [5.0, 3.0, 2.0, 1.0, 1.0, 1.0, 1.0, 1.0, 1.0, 1.0, 1.0], "name": "Shinyheatmap", "clust": 6, "rank": 10, "ini": 12, "rankvar": 4}, {"group": [10.0, 6.0, 3.0, 2.0, 2.0, 1.0, 1.0, 1.0, 1.0, 1.0, 1.0], "name": "Clustergrammer", "clust": 10, "rank": 2, "ini": 11, "rankvar": 10}, {"group": [3.0, 2.0, 1.0, 1.0, 1.0, 1.0, 1.0, 1.0, 1.0, 1.0, 1.0], "name": "Java Treeview", "clust": 2, "rank": 8, "ini": 10, "rankvar": 6}, {"group": [1.0, 1.0, 1.0, 1.0, 1.0, 1.0, 1.0, 1.0, 1.0, 1.0, 1.0], "name": "QCanvas", "clust": 0, "rank": 4, "ini": 9, "rankvar": 11}, {"group": [7.0, 3.0, 2.0, 1.0, 1.0, 1.0, 1.0, 1.0, 1.0, 1.0, 1.0], "name": "FGCZ Heatmap", "clust": 4, "rank": 1, "ini": 8, "rankvar": 1}, {"group": [4.0, 2.0, 1.0, 1.0, 1.0, 1.0, 1.0, 1.0, 1.0, 1.0, 1.0], "name": "Degust", "clust": 3, "rank": 0, "ini": 7, "rankvar": 0}, {"group": [2.0, 1.0, 1.0, 1.0, 1.0, 1.0, 1.0, 1.0, 1.0, 1.0, 1.0], "name": "Heat*Seq", "clust": 1, "rank": 6, "ini": 6, "rankvar": 9}, {"group": [8.0, 4.0, 2.0, 1.0, 1.0, 1.0, 1.0, 1.0, 1.0, 1.0, 1.0], "name": "Morpheus", "clust": 8, "rank": 5, "ini": 5, "rankvar": 2}, {"group": [5.0, 3.0, 2.0, 1.0, 1.0, 1.0, 1.0, 1.0, 1.0, 1.0, 1.0], "name": "InCHlib", "clust": 7, "rank": 11, "ini": 4, "rankvar": 5}, {"group": [6.0, 3.0, 2.0, 1.0, 1.0, 1.0, 1.0, 1.0, 1.0, 1.0, 1.0], "name": "Heatmaply (R using plotly)", "clust": 5, "rank": 9, "ini": 3, "rankvar": 7}, {"group": [9.0, 5.0, 2.0, 1.0, 1.0, 1.0, 1.0, 1.0, 1.0, 1.0, 1.0], "name": "JHeatMap", "clust": 9, "rank": 7, "ini": 2, "rankvar": 3}, {"group": [11.0, 7.0, 4.0, 2.0, 2.0, 1.0, 1.0, 1.0, 1.0, 1.0, 1.0], "name": "MD Anderson NG-CHM", "clust": 11, "rank": 3, "ini": 1, "rankvar": 8}]}}], "cat_colors": {"col": {}, "row": {}}, "row_nodes": [{"group": [6.0, 4.0, 4.0, 2.0, 1.0, 1.0, 1.0, 1.0, 1.0, 1.0, 1.0], "name": "Shinyheatmap", "clust": 8, "rank": 10, "ini": 12, "rankvar": 2}, {"group": [1.0, 1.0, 1.0, 1.0, 1.0, 1.0, 1.0, 1.0, 1.0, 1.0, 1.0], "name": "Clustergrammer", "clust": 1, "rank": 2, "ini": 11, "rankvar": 6}, {"group": [5.0, 3.0, 3.0, 2.0, 1.0, 1.0, 1.0, 1.0, 1.0, 1.0, 1.0], "name": "Java Treeview", "clust": 4, "rank": 8, "ini": 10, "rankvar": 1}, {"group": [3.0, 3.0, 3.0, 2.0, 1.0, 1.0, 1.0, 1.0, 1.0, 1.0, 1.0], "name": "QCanvas", "clust": 5, "rank": 4, "ini": 9, "rankvar": 9}, {"group": [10.0, 6.0, 5.0, 3.0, 1.0, 1.0, 1.0, 1.0, 1.0, 1.0, 1.0], "name": "FGCZ Heatmap", "clust": 3, "rank": 1, "ini": 8, "rankvar": 11}, {"group": [11.0, 7.0, 6.0, 4.0, 2.0, 2.0, 1.0, 1.0, 1.0, 1.0, 1.0], "name": "Degust", "clust": 0, "rank": 0, "ini": 7, "rankvar": 10}, {"group": [4.0, 3.0, 3.0, 2.0, 1.0, 1.0, 1.0, 1.0, 1.0, 1.0, 1.0], "name": "Heat*Seq", "clust": 6, "rank": 7, "ini": 6, "rankvar": 8}, {"group": [8.0, 5.0, 4.0, 2.0, 1.0, 1.0, 1.0, 1.0, 1.0, 1.0, 1.0], "name": "Morpheus", "clust": 10, "rank": 5, "ini": 5, "rankvar": 0}, {"group": [6.0, 4.0, 4.0, 2.0, 1.0, 1.0, 1.0, 1.0, 1.0, 1.0, 1.0], "name": "InCHlib", "clust": 9, "rank": 11, "ini": 4, "rankvar": 3}, {"group": [7.0, 4.0, 4.0, 2.0, 1.0, 1.0, 1.0, 1.0, 1.0, 1.0, 1.0], "name": "Heatmaply (R using plotly)", "clust": 7, "rank": 9, "ini": 3, "rankvar": 4}, {"group": [9.0, 5.0, 4.0, 2.0, 1.0, 1.0, 1.0, 1.0, 1.0, 1.0, 1.0], "name": "JHeatMap", "clust": 11, "rank": 6, "ini": 2, "rankvar": 5}, {"group": [2.0, 2.0, 2.0, 1.0, 1.0, 1.0, 1.0, 1.0, 1.0, 1.0, 1.0], "name": "MD Anderson NG-CHM", "clust": 2, "rank": 3, "ini": 1, "rankvar": 7}], "col_nodes": [{"group": [6.0, 4.0, 4.0, 2.0, 1.0, 1.0, 1.0, 1.0, 1.0, 1.0, 1.0], "name": "Shinyheatmap", "clust": 8, "rank": 10, "ini": 12, "rankvar": 2}, {"group": [1.0, 1.0, 1.0, 1.0, 1.0, 1.0, 1.0, 1.0, 1.0, 1.0, 1.0], "name": "Clustergrammer", "clust": 1, "rank": 2, "ini": 11, "rankvar": 6}, {"group": [5.0, 3.0, 3.0, 2.0, 1.0, 1.0, 1.0, 1.0, 1.0, 1.0, 1.0], "name": "Java Treeview", "clust": 4, "rank": 8, "ini": 10, "rankvar": 1}, {"group": [3.0, 3.0, 3.0, 2.0, 1.0, 1.0, 1.0, 1.0, 1.0, 1.0, 1.0], "name": "QCanvas", "clust": 5, "rank": 4, "ini": 9, "rankvar": 9}, {"group": [10.0, 6.0, 5.0, 3.0, 1.0, 1.0, 1.0, 1.0, 1.0, 1.0, 1.0], "name": "FGCZ Heatmap", "clust": 3, "rank": 1, "ini": 8, "rankvar": 11}, {"group": [11.0, 7.0, 6.0, 4.0, 2.0, 2.0, 1.0, 1.0, 1.0, 1.0, 1.0], "name": "Degust", "clust": 0, "rank": 0, "ini": 7, "rankvar": 10}, {"group": [4.0, 3.0, 3.0, 2.0, 1.0, 1.0, 1.0, 1.0, 1.0, 1.0, 1.0], "name": "Heat*Seq", "clust": 6, "rank": 7, "ini": 6, "rankvar": 8}, {"group": [8.0, 5.0, 4.0, 2.0, 1.0, 1.0, 1.0, 1.0, 1.0, 1.0, 1.0], "name": "Morpheus", "clust": 10, "rank": 5, "ini": 5, "rankvar": 0}, {"group": [6.0, 4.0, 4.0, 2.0, 1.0, 1.0, 1.0, 1.0, 1.0, 1.0, 1.0], "name": "InCHlib", "clust": 9, "rank": 11, "ini": 4, "rankvar": 3}, {"group": [7.0, 4.0, 4.0, 2.0, 1.0, 1.0, 1.0, 1.0, 1.0, 1.0, 1.0], "name": "Heatmaply (R using plotly)", "clust": 7, "rank": 9, "ini": 3, "rankvar": 4}, {"group": [9.0, 5.0, 4.0, 2.0, 1.0, 1.0, 1.0, 1.0, 1.0, 1.0, 1.0], "name": "JHeatMap", "clust": 11, "rank": 6, "ini": 2, "rankvar": 5}, {"group": [2.0, 2.0, 2.0, 1.0, 1.0, 1.0, 1.0, 1.0, 1.0, 1.0, 1.0], "name": "MD Anderson NG-CHM", "clust": 2, "rank": 3, "ini": 1, "rankvar": 7}]}